function  cubeInfo = createCubeObject(cubeInfo)
 
cubeInfo.axisX = [20 40 150 10 100 120 170];
cubeInfo.axisY = [80 120 100 110 130 120 150];
cubeInfo.axisZ = [0 0 0 0 0 0 0];
cubeInfo.length = [20 10 10 5 10 20 20];
cubeInfo.width = [10 20 20 10 10 10 20];
cubeInfo.height = [40 20 30 20 30 30 30];
 
cubeInfo.exist = 1;
 
end